-1002460019610: [-1002283031341, -1002483708362, -1002277742997]
-1002419524276: [-1002371321396, -1002277742997, -1002283031341]
-1001685349748: [-1002283031341, -1002371321396, -1002483708362, -1002277742997]
-1001731448367: [-1002277742997, -1002283031341, -1002483708362]
-1001474855777: [-1002283031341]
-1002126973978: [-1002483708362, -1002277742997]
-1001805029699: [-1002277742997]
-1002008987961: [-1002371321396, -1002283031341]
-1001642880125: [-1002283031341, -1002277742997]
-1001849126578: [-1002283031341, -1002371321396, -1002483708362]
-1001687728424: [-1002371321396, -1002283031341, -1002277742997]
-1001639833661: [-1002277742997, -1002483708362, -1002371321396]
